5 6
1
5 1 1
1 2 2
1 3 3
2 3 4
2 4 5
3 4 6

7 7
1011111
1110001
1000001
1000001
1000001
1000001
1111111

2 25
1011101110111011101110111
1110111011101110111011101

4 6
110110
110110
111111
111101

4 6
101111
101010
101011
111011


4 10
6 1 2 7

10 53462
103 35322 232 342 21099 90000 18843 9010 35221 19352

ababacabacaabacaaba
abacaaba

10
7
1 2 3 4 5 6 7 8 9 10


15
push 1
push 2
front
back
size
empty
pop
pop
pop
size
empty
pop
push 3
empty
front

14
push 1
push 2
top
size
empty
pop
pop
pop
size
empty
pop
push 3
empty
top


7
pop
top
push 123
top
pop
top
pop

14
push 1
push 2
top
size
empty
pop
pop
pop
size
empty
pop
push 3
empty
top


6
(())())
(((()())()
(()())((()))
((()()(()))(((())))()
()()()()(()()())()
(()((())()(




3 4 100
0 0 0 0
1 1 1 1
0 0 2 0

6 6 16
0 0 0 0 1 1
0 0 0 0 0 2
1 1 1 0 1 0
0 0 0 0 0 0
0 1 1 1 1 1
0 0 0 0 0 0

300 293 292 289 285 281 273 271 261 255 236 233 230 226 224 219 216 210 207 206 193 191 190 182 169 163 161 159 157 154 153 148 143 137 134 121 108 100 87 76 71 59 46 45 38 25 20 4 3 1
300

299 293 291 288 287 286 278 276 275 269 262 260 244 239 236 232 213 209 204 199 197 184 179 178 175 170 167 166 162 158 141 130 128 124 115 111 108 105 63 60 57 54 49 44 40 34 17 11 4 3
4

285 271 270 268 264 251 237 236 228 227 226 225 224 217 216 205 198 193 192 190 182 168 165 161 157 146 141 135 127 126 122 114 105 81 80 76 70 67 63 59 55 44 34 24 19 14 9 5 2 1
251


6 4
0 0 0 0 0 0
0 0 0 0 0 0
0 0 0 0 0 0
0 0 0 0 0 1


4
baz.zi@nypc.co.kr
#dao#@.nexon._com
A@B@C
nexon.com

3
1 5 5
1 2 2


3
6 3 5
1 1 2

9
10 20 40 25 20 50 30 70 85


8
1 6 2 5 7 3 5 6



19
1 2 3
2 4 5
3 6 7
4 8 -1
5 9 10
6 11 12
7 13 -1
8 -1 -1
9 14 15
10 -1 -1
11 16 -1
12 -1 -1
13 17 -1
14 -1 -1
15 18 -1
16 -1 -1
17 -1 19
18 -1 -1
19 -1 -1


2
100 0
1 1